$d1
  [1] 0.605095138 1.495229382 0.924181956 1.814430154 1.340505491 1.917885963 1.621954734 1.946191402 0.374988420 1.507138306 0.492461868 0.143709448
 [13] 1.459406385 0.949194272 0.650474188 0.747605585 0.837270128 1.063505149 0.434776874 1.973483894 0.631996269 1.827462534 1.663515861 1.797610428
 [25] 1.972702970 1.650325239 1.448822162 1.657485918 1.826898878 1.072368606 0.648497074 1.313867884 0.300394370 0.593026029 1.866080498 0.447275322
 [37] 1.635641121 1.059424213 1.973433119 0.766056828 0.121181165 1.705331782 0.462501986 0.400449287 1.439714424 1.361355134 0.085702911 0.202367797
 [49] 1.672111661 1.018989515 0.477075886 1.820193193 1.120805879 1.379688916 0.418616378 0.854265777 0.184869695 1.947637309 0.179237524 0.702717747
 [61] 0.543981708 1.223019034 0.199347768 0.386432917 1.330546561 0.091153934 1.901209711 1.514005001 1.189117099 1.057521165 1.417580008 0.135876371
 [73] 1.175322115 0.530966535 0.606990399 0.623797654 1.775177056 0.634022101 1.865361520 1.461090917 1.549905134 1.156019212 1.463063511 1.288595590
 [85] 1.823096211 0.015245709 1.131391595 1.220073165 1.142825882 0.294944799 0.087417750 1.209820002 0.152007795 0.380254354 0.452120904 0.062193048
 [97] 0.473264573 1.717264869 1.283183924 0.069567463 1.022342657 1.736337084 1.884732349 1.248374134 0.317259469 1.303485679 1.640013446 0.754426047
[109] 1.178634417 1.346086790 1.921151629 1.643264699 0.289596367 1.360176556 1.918997351 1.378378478 0.556306580 1.189940511 0.582529493 1.704401057
[121] 1.504745023 0.175523858 1.511141324 0.004334036 0.068159223 0.474833911 1.866016013 1.595917188 0.863425273 1.084961405 1.948498525 1.896320669
[133] 0.047855429 0.658151545 0.503430622 0.389895555 1.992081671 1.623920435 0.772986599 1.505448558 1.107056709 0.909640420 1.709302985 1.131660085
[145] 1.939706045 1.575538601 0.974113181 0.919123218 1.718613440 1.388439457 1.354623981 1.544888368 0.923856593 1.595927803 1.068321139 1.081578406
[157] 0.062846012 0.027831560 0.145348952 1.962597542 0.114790172 0.860148335 1.338789227 0.541644925 0.491415290 0.104047688 0.545470928 1.098738373
[169] 1.393565151 1.223942065 1.406458315 0.636460659 1.270247856 0.481736598 1.598872916 1.215230039 0.522294355 0.351513209 1.513848768 1.092525497
[181] 0.607287830 0.636516845 0.714312199 1.225999391 0.141562414 1.758819036 0.497177958 1.334383747 0.051572179 1.510648588 0.651777837 1.027064440
[193] 1.587991438 0.363104079 0.266085374 0.956060413 0.658752850 1.699799720 1.256545710 1.464221260 1.628541951 0.063840306 0.873768986 0.293550744
[205] 0.165107313 1.600761661 1.536727568 1.881074041 1.745828549 1.124178721 0.923691453 1.787309035 1.661236674 1.155643833 1.230654979 0.205824599
[217] 0.337452344 1.205104177 0.844653577 0.586066258 0.752790546 1.185928796 1.412128188 0.818640175 1.792234711 1.190214924 1.534269796 1.529679669
[229] 0.935569416 0.302673438 1.877722795 1.941069587 0.589972574 1.139724409 1.256452809 0.460576302 1.448719985 0.730065519 1.061861693 0.545912301
[241] 0.297044398 1.405042474 0.185235721 1.732143922 0.623074396 0.143575978 0.306733405 0.726351418 0.481241900 1.743366239 1.130583921 0.434102320
[253] 1.417454085 1.565997692 0.724406104 0.479757537 1.216831256 1.895601393 1.938835663 0.200140056 1.360031038 1.855505744 0.591812602 1.778575866
[265] 0.467466147 1.607016042 0.431718376 1.305312702 0.357237188 0.548045277 0.579196773 0.149498732 1.547810270 0.473017756 0.814302074 1.180004847
[277] 1.741584205 0.237636389 1.113009784 0.594014264 0.600787801 1.752063925 0.900352927 1.959995695 1.189046964 0.267919709 1.631786920 0.628334917
[289] 0.989916854 1.661974904 1.772062171 0.838874707 0.563928783 1.822226621 1.535301174 1.671395295 1.725540677 0.808624365 0.520673252 0.095387761
[301] 1.735066402 0.343304649 0.185980436 0.787563661 1.097373278 0.645341640 1.400856616 0.839051556 0.316468537 0.907861439 1.286793009 1.286719538
[313] 0.607698609 1.544493186 1.372724818 0.572466301 0.578936914 0.450745368 1.175628654 1.667782495 1.756825561 1.588101672 0.989330415 1.921899563
[325] 1.230661284 1.416453903 0.682913454 1.754470960 1.730524163 0.238350041 0.993669449 0.672995367 0.857669250 0.975423607 1.665884962 1.796610128
[337] 1.560632338 0.036178410 1.210374157 0.279099436 1.839776254 0.928471364 1.679751831 1.284163443 1.739765101 1.636906465 0.242487614 1.967536828
[349] 1.988619236 1.965751084 1.489679419 0.400741335 0.218008070 0.202742117 0.677871500 1.274838697 0.631641146 1.069690492 0.020653093 0.059106637
[361] 1.376017907 0.699852526 1.215724260 1.930496987 1.060794628

$d2
  [1] 0.950608547 1.678183568 0.973541410 1.464242329 1.988020502 0.181599403 1.884413774 0.643146434 0.021030727 1.352394485 0.415133850 1.916247712
 [13] 0.972581350 1.967245578 0.925826300 0.720150197 0.128324827 1.821094707 1.118733309 1.768045889 0.483542817 0.988977821 0.978797461 0.493578252
 [25] 1.850052767 1.771361415 1.876110712 0.791849757 0.353090616 1.938242734 1.508045432 0.023883813 1.241723834 1.261103812 0.854319884 0.847343821
 [37] 1.809526072 1.741355008 0.545385918 1.280929747 1.900379997 0.656872725 1.909272279 0.072812501 1.746401897 0.031861329 1.799034817 0.752238857
 [49] 1.234128184 0.495573090 0.794503734 1.693255888 1.353369227 0.864948090 0.724144406 0.311739572 0.384126977 1.689793233 1.880451594 0.709842099
 [61] 0.365072308 0.164082987 0.598769461 0.721677539 0.791449096 1.275547713 1.724875179 0.149439127 1.588586508 1.875297364 1.759355840 1.812241084
 [73] 1.982854811 0.063334024 1.241051556 1.014630082 0.230038524 1.357155695 0.285716271 1.620229638 0.437358681 0.269062485 1.458697014 0.083792334
 [85] 0.481110955 1.759383996 0.758144264 1.051482781 1.027083664 0.248442916 0.552981867 1.155226019 1.131004759 1.196453730 0.120915287 0.312109537
 [97] 0.398693897 1.195124757 1.407065990 0.738681711 1.739408345 1.834878739 0.319115893 0.830974845 0.764520341 1.446344862 1.250040235 0.689639193
[109] 0.214885175 1.110907016 1.270247551 0.708264956 1.089996914 0.270769080 0.348561934 1.169557650 1.594017679 0.828294425 1.252892907 1.945889297
[121] 1.953464814 1.301835570 1.375723403 0.350434503 0.451667439 1.808332547 1.901934210 0.294879163 1.163462560 0.846181562 1.035688992 1.987903871
[133] 0.629339565 0.189044195 1.062519548 1.311550712 1.616317337 1.725125052 0.020210362 1.933055722 0.769078684 1.459720500 0.528755525 1.726255402
[145] 0.992300129 1.813280456 1.144487764 1.784026495 1.143546676 1.776907045 1.715873270 1.166954425 0.638415011 1.418657066 1.931855347 1.230677443
[157] 0.143444364 1.087880325 0.966683001 0.434287130 1.922929767 0.948208371 0.736014548 0.475695070 0.929939552 0.573280939 0.710361393 0.262221074
[169] 1.393906511 1.407189415 1.948247709 0.010686201 0.143848713 0.299315696 0.275321092 0.926349818 0.358377636 0.113860460 1.785887301 1.347427940
[181] 0.386289207 0.155585037 1.203741789 0.072366792 0.429275629 1.396425613 0.710140398 1.512908717 0.427836645 1.308869732 1.983324005 1.276321598
[193] 1.004188783 0.227957542 0.553561675 0.994412526 0.696196128 1.992165149 1.982794247 1.745929132 1.428786297 1.755334025 1.414688783 1.393587935
[205] 1.804472918 1.760328825 0.483407905 1.615059517 0.884528048 1.264392090 0.479890120 1.146754976 1.252682895 1.057427374 0.696734893 0.462661186
[217] 1.507782006 1.819874669 0.844645479 0.957435635 1.695970511 1.231846240 1.132079575 0.511671957 0.514813004 1.956271663 0.737616779 0.698080291
[229] 1.200315786 0.073838481 0.552262236 0.795743856 1.317561178 1.543491539 0.752582332 0.757054702 0.847592357 1.712472713 1.810001656 0.020514610
[241] 1.977706925 1.773067042 0.674670488 0.001158714 0.366708749 1.125170231 1.444388953 1.910961885 1.047493548 1.094477337 1.638226551 1.942510996
[253] 0.766799191 1.322479941 0.943745395 0.668758786 1.316358272 1.458616857 1.573457769 0.755099664 1.975920204 0.896068144 0.605035680 0.358180318
[265] 1.924255978 1.524939506 0.385567624 1.706441611 0.814913011 1.042350588 0.392634004 0.042582931 0.421325455 0.206049302 1.944023820 0.359583847
[277] 1.823888514 1.904988155 1.463092658 0.574810636 0.603477742 0.002631618 1.200501754 1.030931158 0.417419985 1.710087867 1.757950341 1.532175084
[289] 1.707624452 0.525574734 0.981651929 1.186198057 1.982228670 0.605610158 0.003447830 0.558062999 0.882235765 0.252726851 0.346362419 0.362700496
[301] 1.035426138 0.215160680 0.174361374 0.997315751 0.668545210 0.175321442 1.372791081 1.845839355 0.199307999 1.892169688 1.627117488 1.474223777
[313] 0.459651816 1.702017867 0.496456232 0.979669275 0.538094685 0.818623612 0.791774059 1.962679441 0.997376440 1.235822740 1.293551567 0.859424664
[325] 0.693640505 1.030632696 0.215848999 0.574169806 1.343559146 1.935468928 0.859016455 0.826292467 0.170679231 1.430603774 0.598643235 0.763273362
[337] 0.506317777 1.321176094 0.877902418 0.563264243 1.777725640 1.002936973 0.024950368 0.449075743 0.445155632 1.368096024 1.005573718 1.429156168
[349] 0.297242018 1.871124696 0.461022174 0.680172970 1.799084880 0.529642743 0.635315351 0.193398286 0.418138625 0.723321746 1.666006852 1.077000606
[361] 1.477794884 0.446993879 1.723799910 0.569001196 0.916311183

$d3
  [1] 1.381082921 1.457195791 1.674642576 1.814183845 0.736155935 0.490796356 0.704373751 0.059019022 0.320513532 1.646930543 0.317422739 1.632020790
 [13] 0.424429887 0.641057001 1.255466060 0.294200113 1.433967060 1.094564513 1.131290691 1.298127682 0.024698441 0.413003086 1.455285799 0.342920429
 [25] 0.319528141 1.091487375 1.765342859 1.800049527 0.273256786 1.589923422 0.659076305 0.320189239 1.939566624 0.614527846 0.496498427 0.360049892
 [37] 0.178421720 1.633200643 0.096545247 0.775052115 0.203715187 0.845574182 1.050925483 0.851068718 0.249113710 1.101169779 0.513304894 0.866020157
 [49] 0.608517785 1.552589140 0.903632869 1.223055632 0.890094078 0.037378841 1.394849766 0.724498678 0.217406801 1.339584277 1.026388289 1.042853719
 [61] 0.121585345 1.621383932 0.484818973 1.146987942 0.158417688 1.310090940 0.712128647 1.718852072 0.996022849 0.579555797 1.201114025 0.147744086
 [73] 0.766633269 0.868505583 1.016856812 0.798123578 1.584949058 0.321502480 1.244000387 1.947758851 1.238589256 1.104900533 0.746770254 0.900931339
 [85] 0.400466316 1.287932266 1.417617662 0.918557846 1.438468865 1.432486362 1.106974013 0.189270996 1.618023958 1.754506225 1.348455925 1.020351473
 [97] 1.653776697 0.691561905 0.358150552 1.174320202 0.574079382 1.633697992 0.987239994 1.633250904 0.832217849 0.260663754 0.585727424 1.755963181
[109] 0.456772079 1.920876051 0.742130008 1.960244685 0.272952827 1.308093334 1.276356539 1.724404031 0.733500770 0.509724852 0.406314343 0.227897780
[121] 0.137992531 0.976718609 0.150214311 1.391224028 0.985001367 0.393629945 0.177873046 1.757736693 1.397752375 0.541763994 1.874428420 0.446504747
[133] 0.256012874 0.412348167 1.725053793 1.310652832 1.950275157 1.427125149 0.500701678 1.216181189 1.962656688 0.318811621 1.323244343 1.634558322
[145] 1.655802407 0.332744656 1.294262625 0.929439099 1.221709356 1.920419364 1.902577121 1.130927690 0.056030116 0.095477759 0.155864652 0.482916690
[157] 1.489611083 0.880252782 0.877168626 0.419977379 1.262783278 1.414804560 0.687548360 1.406331647 1.514906651 0.355784958 1.965810451 0.060679530
[169] 1.926611615 0.366216453 1.900347205 1.574124694 0.818362849 1.674463368 1.260899763 1.141231263 0.305885920 0.689861962 1.064405597 1.482163704
[181] 1.764311385 1.511199173 1.667055066 1.811721441 0.533150998 1.978165275 0.758379361 1.793601839 0.014413194 1.607445511 0.051520353 1.382559947
[193] 1.128939028 0.344848566 1.465401735 1.121868314 1.532537361 0.571976688 0.005720616 0.912065060 1.634280013 1.756229628 1.877832299 1.043117048
[205] 1.816698723 1.759997898 1.849659493 0.527456586 1.496465586 0.977161419 0.308933686 0.517042716 1.141898956 1.799250662 1.911248982 1.311134430
[217] 1.683083363 1.463501337 0.981252342 1.689871141 0.858150901 0.075181090 1.539446365 1.333065046 0.370649000 0.277261567 0.930232687 0.109104222
[229] 1.401114399 0.269283407 1.823320835 0.543572167 0.800043448 1.065881075 1.359159784 1.007402837 1.572119070 1.505634584 0.870077577 0.145033956
[241] 1.445319014 0.636837808 1.923973501 0.865658516 0.060219625 0.545066470 0.865811521 1.592120815 0.138662023 0.414428711 1.843636292 1.957687674
[253] 1.079823829 0.925540316 0.215462391 1.553611608 1.539207104 1.576656658 1.133652152 1.149904895 1.794812479 1.931046385 0.783805183 0.238851295
[265] 0.048972480 0.550105162 0.555831486 1.657753071 0.717169183 0.813192699 0.366080523 1.989913260 0.050621524 1.623314993 0.316551282 1.864091424
[277] 1.205533339 0.698483804 0.030456478 1.479297861 0.182575596 1.673274709 0.662873698 0.702053743 0.304616733 1.774082282 0.581674292 1.039472459
[289] 1.001533723 1.235790396 0.794118876 1.040216976 0.418772651 1.098528927 0.414098757 1.524963103 0.025595070 1.009069433 0.309679180 1.393727985
[301] 0.666477719 1.135962805 0.937406618 1.419244723 1.975828290 0.847632673 0.789843654 1.714397488 1.266751850 0.829298372 0.100795530 0.245185460
[313] 1.109837372 1.220335026 1.211897029 1.257779925 1.945781891 0.743076082 0.131353483 0.547522106 1.802136615 0.689675310 0.688053739 0.902606715
[325] 1.776163846 1.929442125 0.655150385 0.646113391 0.954452498 1.395109073 1.490020509 1.844659204 0.631655852 0.395582206 1.438275953 1.636250863
[337] 0.800160616 1.923951448 1.022239315 0.245295878 0.141579713 1.694261836 0.778414423 1.617945174 1.645657150 0.512340966 1.577720032 1.926088802
[349] 0.108167885 0.451759707 0.634111171 0.870635552 0.463524974 0.515066248 1.833156183 1.269513421 0.348189407 0.935783995 0.444534823 1.164437208
[361] 1.304772913 1.876623923 0.344580643 0.703204734 1.649750596

$Z01
  [1] 0.015635990 0.086147104 0.195666364 0.035302215 0.059997577 0.184977683 0.001267381 0.093164744 0.133725231 0.146225674 0.018805812 0.192504708
 [13] 0.178700428 0.041814375 0.003529469 0.118694336 0.066451350 0.088215912 0.018765475 0.192557378 0.108524371 0.181814776 0.185438181 0.124898804
 [25] 0.035280558 0.169414964 0.135696654 0.076268517 0.192447977 0.089002562 0.008371417 0.076795656 0.156363292 0.119597497 0.187439591 0.097427943
 [37] 0.156604080 0.098957348 0.107874185 0.045530009 0.063183881 0.065095137 0.076481131 0.155400343 0.055177760 0.169527013 0.007583627 0.165489970
 [49] 0.172611874 0.183278337 0.020061001 0.136202628 0.090940039 0.110722707 0.117653024 0.120897473 0.162224598 0.072213412 0.079517140 0.165707627
 [61] 0.100154707 0.179172357 0.159459966 0.049735766 0.092501871 0.163787109 0.074247446 0.174300571 0.028689423 0.123158407 0.073463602 0.197873586
 [73] 0.113237868 0.145253395 0.160950453 0.182795763 0.056929250 0.056477854 0.031980937 0.156482360 0.023392406 0.152405427 0.038796151 0.029556737
 [85] 0.111404953 0.188629041 0.192330608 0.100444776 0.157939390 0.038689812 0.027000738 0.073385104 0.077279178 0.184163281 0.094577583 0.001310346
 [97] 0.141055463 0.024333796 0.105041269 0.172626519 0.067757028 0.154413766 0.166030890 0.017979048 0.013846092 0.178647951 0.055680581 0.190949559
[109] 0.095638263 0.054567834 0.130582401 0.164388604 0.197448623 0.067529904 0.033163117 0.055438044 0.173947851 0.154677339 0.104857074 0.016198612
[121] 0.027872462 0.182700272 0.148071046 0.088974340 0.065905952 0.196970604 0.008140470 0.024364335 0.016953155 0.133994153 0.084765988 0.158900087
[133] 0.189272259 0.004010674 0.061457262 0.010173960 0.077284840 0.174363899 0.116022070 0.159475720 0.172633741 0.095211596 0.042713742 0.030715706
[145] 0.162369877 0.062842745 0.049915306 0.005191514 0.167325469 0.116985398 0.170488220 0.079149969 0.194948327 0.126506999 0.140797750 0.074307929
[157] 0.153512835 0.177552018 0.166073276 0.071932769 0.013827780 0.175388206 0.071693803 0.162156277 0.191300929 0.148945541 0.056648160 0.152017896
[169] 0.035046774 0.154702311 0.023954221 0.094418477 0.094644496 0.096858129 0.014174123 0.047367637 0.191478480 0.164136411 0.006902695 0.105401047
[181] 0.057134427 0.171430507 0.066862947 0.192244182 0.138621752 0.119966114 0.090342915 0.107751660 0.121931410 0.001022893 0.172759404 0.044558786
[193] 0.157128737 0.033363480 0.011412430 0.091759136 0.120197491 0.093548023 0.110913733 0.106676588 0.137743870 0.014727188 0.109056379 0.065379483
[205] 0.051301722 0.028905468 0.150528268 0.170647737 0.088400723 0.079152618 0.057732795 0.057360335 0.130818345 0.004279520 0.071942479 0.194296754
[217] 0.039648582 0.015601111 0.107674539 0.127795341 0.193907203 0.135693550 0.077570260 0.192027951 0.125127088 0.050669417 0.033333734 0.177833787
[229] 0.101608216 0.008200075 0.149483847 0.031052798 0.087704609 0.135982620 0.015076663 0.072283775 0.023420264 0.168957822 0.006847931 0.135645462
[241] 0.130460623 0.004619971 0.006753971 0.040346457 0.133161659 0.178354581 0.023934207 0.190885914 0.011255968 0.120321900 0.037788639 0.007768697
[253] 0.181107904 0.133756652 0.034160712 0.097587741 0.157362783 0.187724221 0.195208893 0.046297333 0.136364974 0.107560064 0.133698954 0.158391730
[265] 0.152257706 0.184759335 0.185049658 0.079575980 0.139832263 0.176673783 0.060431638 0.112064754 0.164357819 0.062192207 0.182758471 0.146850370
[277] 0.171423569 0.064268942 0.123013681 0.176899053 0.072113282 0.185796662 0.007164760 0.024048401 0.108394681 0.115853189 0.065088265 0.082413997
[289] 0.052738120 0.061466519 0.053897387 0.138483099 0.092734455 0.143998605 0.133224269 0.066152985 0.140161153 0.076118154 0.087079524 0.063896040
[301] 0.152816150 0.077990978 0.025473966 0.173487622 0.139371810 0.176776862 0.132009452 0.080954205 0.136161882 0.006619617 0.190661885 0.137841267
[313] 0.196114402 0.147725730 0.001594880 0.186423339 0.185475055 0.179307467 0.045506468 0.058530544 0.006044208 0.134502225 0.153503528 0.046431078
[325] 0.144131962 0.067976242 0.196712193 0.015239309 0.056032077 0.008768195 0.037204144 0.199779549 0.046139443 0.196602070 0.129115688 0.137652937
[337] 0.071604108 0.017765639 0.028330363 0.168451751 0.101004725 0.061287940 0.147402354 0.046837865 0.182573994 0.079706455 0.077295838 0.172289057
[349] 0.008354524 0.133032659 0.136382342 0.148435846 0.006170673 0.044199373 0.151618431 0.104887702 0.029981406 0.034321346 0.134202238 0.155741697
[361] 0.027243837 0.175428742 0.199311561 0.182234856 0.153982637

$Z02
  [1] 0.024737948 0.120668139 0.061830910 0.159763286 0.181208235 0.098723416 0.101814600 0.012881950 0.111522248 0.021881655 0.094060906 0.120938144
 [13] 0.026858161 0.071459137 0.187898355 0.051378180 0.011309549 0.066498531 0.074451890 0.161127967 0.064033343 0.132172225 0.197304384 0.108694128
 [25] 0.188817550 0.169518490 0.058926155 0.126881660 0.035306876 0.011019314 0.019295061 0.074397537 0.129276562 0.095523358 0.180384539 0.076301951
 [37] 0.073044853 0.055945076 0.170890535 0.103217248 0.160280227 0.070073353 0.138195059 0.086075000 0.108290450 0.077871735 0.070077076 0.099136144
 [49] 0.145619966 0.136529511 0.131481784 0.061073292 0.163134127 0.143628270 0.031661869 0.117539386 0.053961998 0.189538683 0.040659990 0.172618382
 [61] 0.177887186 0.138724014 0.110573669 0.067149293 0.028546075 0.100698829 0.042052582 0.014874669 0.098331942 0.168424079 0.094241604 0.012093315
 [73] 0.075758522 0.030957531 0.199687313 0.135646785 0.110158744 0.018410592 0.158127391 0.180030809 0.175349009 0.165013625 0.058182848 0.107947898
 [85] 0.135876689 0.005131367 0.005427293 0.023927925 0.137404451 0.075754386 0.130694805 0.056573800 0.143264582 0.096289710 0.015587737 0.114021778
 [97] 0.001027172 0.074653739 0.031355166 0.106067749 0.009330456 0.021328730 0.175002545 0.053834312 0.092284284 0.084893916 0.158966414 0.073624552
[109] 0.042188220 0.082178428 0.085203166 0.116638250 0.055874257 0.060786501 0.041607530 0.049814936 0.163782427 0.093736811 0.098922645 0.077651081
[121] 0.051958092 0.010675895 0.106179744 0.118002483 0.033362705 0.145760090 0.068072389 0.047876835 0.024042640 0.166852245 0.020482044 0.160302658
[133] 0.074739340 0.163762929 0.136824959 0.166071995 0.195978604 0.090911948 0.120205701 0.064407863 0.025589113 0.181184447 0.097986321 0.134037761
[145] 0.166603812 0.163652233 0.091364538 0.041544188 0.139380519 0.063814016 0.086747351 0.137353565 0.185006702 0.143860433 0.028073290 0.068399019
[157] 0.097767768 0.120667954 0.143730871 0.034030315 0.115667601 0.082922828 0.110819396 0.174334368 0.187943517 0.071336069 0.050114494 0.134158585
[169] 0.093504296 0.118442830 0.156039774 0.093548354 0.004426593 0.012643288 0.193964261 0.076549381 0.064856973 0.100542072 0.188579224 0.150855059
[181] 0.108318028 0.179059644 0.186926401 0.124722888 0.054311313 0.086651006 0.110402480 0.187050117 0.153909511 0.037046501 0.134953639 0.012470870
[193] 0.045920884 0.170395089 0.103621512 0.175276431 0.119273321 0.169806907 0.003097426 0.116426428 0.151129014 0.162513420 0.160790818 0.004525540
[205] 0.071677392 0.128232259 0.106781774 0.152703684 0.155044285 0.005311813 0.158987685 0.187919311 0.009221760 0.163364729 0.075322165 0.012128263
[217] 0.123869102 0.022525154 0.134171300 0.037445626 0.157600646 0.040378916 0.145258767 0.090416801 0.044006018 0.100791585 0.117764952 0.053425474
[229] 0.050817861 0.118993994 0.174415363 0.119761874 0.117992118 0.159288415 0.136879911 0.001212831 0.079678872 0.096760983 0.008977479 0.025207711
[241] 0.109144092 0.130005729 0.041202580 0.031019179 0.161724122 0.181368318 0.192640963 0.048957490 0.094252913 0.019692979 0.001951354 0.122258049
[253] 0.112881097 0.110827832 0.044192167 0.199563408 0.057481570 0.064334572 0.151584169 0.004687460 0.168417024 0.170212332 0.157697962 0.167252727
[265] 0.178459638 0.154683639 0.135385964 0.056347777 0.127590255 0.171957944 0.085375908 0.193132285 0.127588169 0.013164761 0.190876316 0.095642269
[277] 0.133350830 0.026416109 0.052585270 0.159052222 0.027568398 0.027546092 0.073569064 0.032519561 0.176038630 0.078347377 0.062846507 0.172906217
[289] 0.053547268 0.136879558 0.176349035 0.196268887 0.067494402 0.052396539 0.114232287 0.094929887 0.048726514 0.107958789 0.112379789 0.156650451
[301] 0.139272642 0.090719035 0.162972606 0.005936282 0.060033898 0.031908222 0.036924104 0.067093221 0.056458823 0.189642250 0.136146160 0.109777627
[313] 0.054546694 0.196332879 0.125688411 0.179466568 0.088307134 0.103618651 0.088098478 0.125164915 0.087878026 0.016569463 0.124829773 0.122583539
[325] 0.023955672 0.010927228 0.190245641 0.182619384 0.074328859 0.155945085 0.177814217 0.189284959 0.087487534 0.083149965 0.041747862 0.072377085
[337] 0.069994136 0.062291685 0.050162487 0.128947293 0.161722846 0.184239157 0.055443686 0.151374731 0.179878356 0.056661373 0.151355518 0.113441134
[349] 0.047400748 0.123609878 0.022553666 0.187823027 0.110341807 0.128509592 0.103221613 0.135467805 0.185014101 0.030174157 0.112453775 0.129246413
[361] 0.020902237 0.061195215 0.039003576 0.174060778 0.184390817

$Z03
  [1] 0.180567925 0.034831897 0.112136434 0.122001599 0.100017186 0.055074171 0.076546629 0.065088583 0.048659311 0.110977111 0.046302242 0.005170801
 [13] 0.103805959 0.071101872 0.041253109 0.019963968 0.170349417 0.178732233 0.177357814 0.114102090 0.104189145 0.052466641 0.165673550 0.080913566
 [25] 0.053355200 0.161489225 0.144049026 0.060808134 0.063423861 0.031142539 0.018808016 0.133573957 0.073971417 0.178342873 0.002734318 0.176997021
 [37] 0.121294214 0.019215576 0.150427682 0.079071806 0.156166907 0.052825733 0.062797775 0.094121371 0.077933373 0.028582259 0.133574546 0.028760368
 [49] 0.091611355 0.180663168 0.139763653 0.183514306 0.117399715 0.090023262 0.063450936 0.078679309 0.097901884 0.184289865 0.060992152 0.122008771
 [61] 0.095004576 0.148012911 0.171091453 0.194087411 0.131825522 0.014100207 0.192556243 0.128716681 0.162720449 0.011866120 0.149118886 0.028603132
 [73] 0.065184746 0.182657771 0.174487111 0.145985816 0.019890879 0.086426904 0.013898517 0.165710694 0.112543445 0.188069080 0.010950884 0.095628212
 [85] 0.058349010 0.129311879 0.022354129 0.070786419 0.067189726 0.013645467 0.118029671 0.196743710 0.136885600 0.189624984 0.044167315 0.011785286
 [97] 0.196911708 0.021776164 0.110057175 0.108991426 0.182491066 0.148405715 0.191022568 0.057174869 0.199950744 0.079515956 0.023588545 0.066127076
[109] 0.042252181 0.033527678 0.072874067 0.045258767 0.168937894 0.063466686 0.083104550 0.182176588 0.070827751 0.039323718 0.184587439 0.070708848
[121] 0.121045504 0.037673186 0.174335075 0.135034166 0.029201611 0.110735103 0.021254384 0.160982039 0.103790179 0.030063743 0.030234529 0.172170271
[133] 0.108720629 0.168749213 0.187410234 0.107421457 0.086725499 0.089310641 0.111485686 0.027902684 0.102982761 0.022891966 0.199957339 0.183494713
[145] 0.146134292 0.007402795 0.008097844 0.049726386 0.182331851 0.021469659 0.086315594 0.164416231 0.105279725 0.060733985 0.060668247 0.060930000
[157] 0.016973937 0.033699827 0.181001345 0.016486879 0.087795018 0.117461587 0.167205621 0.144557199 0.024180654 0.029587815 0.091616162 0.025643456
[169] 0.037803464 0.010308643 0.193835049 0.111484818 0.119785148 0.131139333 0.145740303 0.019911745 0.180773145 0.088009634 0.035147362 0.014646600
[181] 0.036310939 0.117610309 0.046222351 0.098564535 0.177377436 0.095768587 0.081754849 0.149938014 0.062367015 0.132249918 0.121083963 0.175366545
[193] 0.026689706 0.036153579 0.092163113 0.163592398 0.166861441 0.087229984 0.126782764 0.186847333 0.100541725 0.165918797 0.164393008 0.129554963
[205] 0.081346358 0.061658766 0.185195692 0.117702016 0.069758588 0.094934824 0.071309274 0.028829086 0.028816409 0.194639060 0.060930916 0.133215819
[217] 0.168147201 0.132013628 0.029849132 0.107087182 0.169004133 0.138216198 0.112945875 0.014213502 0.132272237 0.140177170 0.012873440 0.076602058
[229] 0.011278498 0.141981520 0.158362121 0.091445200 0.134726007 0.130739284 0.038208450 0.028639675 0.147732721 0.126338385 0.154222735 0.094853954
[241] 0.051370008 0.073640808 0.163105771 0.117875701 0.147520229 0.078236681 0.040758715 0.031678264 0.018996378 0.052663891 0.079684554 0.098362369
[253] 0.076226959 0.188774734 0.177587571 0.079998503 0.186294304 0.065619288 0.137590364 0.165530139 0.159107982 0.106251273 0.199911897 0.171755226
[265] 0.084356388 0.188805259 0.085921061 0.098232033 0.138204448 0.048866337 0.037723658 0.120550005 0.121656698 0.160592324 0.175618868 0.083888762
[277] 0.123088522 0.018091546 0.018262927 0.040221020 0.182137783 0.080707825 0.003430289 0.140297532 0.163286849 0.073014059 0.096579001 0.118414443
[289] 0.162803158 0.140215711 0.045155817 0.103835488 0.186615694 0.159362166 0.195686573 0.017933858 0.017387711 0.197300669 0.078827506 0.129953615
[301] 0.076254580 0.073994917 0.018944236 0.035860589 0.009801533 0.124976741 0.104727406 0.114264554 0.103551786 0.171850612 0.029536792 0.119117388
[313] 0.114056538 0.131162493 0.189558867 0.088225977 0.095792093 0.170331653 0.052741270 0.091715906 0.018414420 0.168512781 0.071196631 0.073959690
[325] 0.082609012 0.145000651 0.125715073 0.194724158 0.144347788 0.123105801 0.051569790 0.093636204 0.066480536 0.039565699 0.097574790 0.052694469
[337] 0.026630888 0.180997060 0.062491546 0.102921899 0.177115800 0.119049094 0.143101499 0.183431515 0.140106714 0.022070630 0.073908544 0.068679468
[349] 0.093562192 0.126885933 0.148477649 0.176621391 0.173552757 0.120546539 0.043067598 0.018613171 0.165061741 0.069985442 0.088252595 0.030480759
[361] 0.087412761 0.088015268 0.093673797 0.132556799 0.199504239

$cor1
[1] 0.9326458

$cor2
[1] -0.02855474

$cor3
[1] -0.1706802

$sigma1
[1] 17.29433

$sigma2
[1] 0.9582964

$sigma3
[1] 1.620365

$sigma4
[1] 0.1730484

$d1
  [1] 0.006813385 0.875204418 1.824712244 0.046268473 1.457295517 0.558586960 0.038851038 0.060002451 0.465035694 0.626202003 0.202539047 1.114979152
 [13] 1.443194822 1.139490290 0.414856974 0.583143493 1.274227100 0.045791224 1.811935387 0.428551545 0.912235016 1.894231234 0.637160326 0.152760303
 [25] 1.959511267 0.508645452 0.731666594 1.983007041 1.857204206 0.458129124 0.020843635 0.092504346 0.067912601 1.547725102 1.912498791 0.545734116
 [37] 1.955990667 1.178812013 1.800293794 0.594309147 0.711516559 1.089967309 0.976102194 0.049748756 0.582967219 1.947884134 1.392673540 1.181711803
 [49] 1.570431905 1.956029314 1.962711519 1.388378635 1.525734171 1.738189446 1.475179563 1.208894040 0.272867101 0.123317089 0.433910033 1.279049011
 [61] 0.882338654 1.010067354 0.629400317 0.759184214 0.621108937 1.321618702 0.722103892 0.351962718 1.543949595 0.461683243 0.040299102 0.141341168
 [73] 1.448255130 1.192145036 0.690644079 1.488961451 1.873478433 1.117905491 1.079330895 1.154916158 0.199467617 0.046178926 0.223726327 0.366982867
 [85] 0.391951459 0.525481581 1.991640590 0.665215974 1.339256435 0.564587693 0.026947022 0.892420959 0.856305429 1.966121154 0.277036995 1.762037812
 [97] 0.449531797 1.417857659 1.856357381 0.968617831 0.065467875 0.336945870 1.940034673 1.718794440 1.705730958 0.652079976 0.919061551 0.968331460
[109] 1.254297256 1.992654941 1.576708909 0.337693638 1.655034855 1.285625551 1.027234006 1.933414280 1.918426063 1.753097201 1.418778493 1.390025062
[121] 1.674903148 0.370180972 0.844780882 1.658571070 1.521778786 1.217990266 0.711440204 0.609575276 1.232361160 1.583532032 1.175433187 1.618124675
[133] 1.682023410 1.154136108 0.118706496 1.907771236 0.577634184 0.737082851 0.138371680 0.914927392 0.045094785 1.329985067 1.494509599 1.374208218
[145] 1.281585303 1.786484776 0.032273512 1.718864879 0.490690900 1.625948702 0.955414861 0.756171953 1.751339843 1.474380573 1.295219640 1.367764055
[157] 1.028086034 1.784642642 0.508361566 0.517059725 1.066187851 1.242688210 1.337095688 0.815114943 1.453675705 0.241223158 0.654017021 0.950900269
[169] 0.106662226 1.375976436 0.202119158 1.400588749 1.519660679 0.338305869 1.253023756 1.002430819 1.840422353 1.225846616 0.685440781 0.862885233
[181] 0.248309174 1.369374644 0.091440568 1.475728784 1.058759534 0.706059079 1.617218556 1.424241128 0.424388342 1.648894427 0.743142035 0.162137645
[193] 0.233163249 0.785985839 0.325347648 0.039336198 1.734834558 1.888040285 0.252850673 0.299948957 1.445996400 1.515730642 1.853551955 0.225767343
[205] 0.231475418 1.203170138 0.740538351 1.800205476 1.933906191 0.756060677 0.373920981 0.829236625 0.893218548 0.887667538 0.100418764 1.586171595
[217] 1.702608207 1.908268232 1.017808696 0.894222385 1.658970675 0.558227005 0.423783875 0.283727248 1.867237707 0.181195586 0.281641985 0.477667543
[229] 1.464454530 0.875475756 0.861687106 0.110398045 0.441351549 0.669736695 1.363942368 1.588005581 0.390643953 0.221818307 0.970373295 1.161674558
[241] 0.444547089 1.512408000 0.923108976 1.447820918 1.231785409 0.733508844 1.713734749 1.663670184 0.206264977 0.493123302 1.208313461 1.992304587
[253] 1.347246140 0.003865600 0.608806923 0.019026607 1.192945671 1.427236686 0.804231296 0.633073906 1.749507807 0.192894939 0.077549786 0.442043134
[265] 1.402747302 0.671004691 1.196028731 1.615187306 0.666839169 1.016056485 1.208382854 0.689688331 1.233522245 0.665539970 0.975503852 1.969500755
[277] 1.209601310 1.132654217 1.846042852 1.088405348 1.370680523 0.913820909 1.407637342 1.271030303 1.546036886 0.682967686 0.873310660 1.310103716
[289] 0.595976769 1.512957281 1.253086537 1.853558517 0.208702603 0.941633570 0.578427943 1.344078408 0.605374452 1.690746125 0.700355382 1.280169213
[301] 1.381048634 1.459453759 0.797027912 1.871657744 1.902436121 1.353764917 1.602401531 0.377109526 1.962650818 0.520929416 1.876148043 0.366213879
[313] 0.792782372 0.513244298 0.359470868 0.930768955 0.087146860 0.941945759 1.456627180 0.752810463 0.639606332 0.185730275 0.511921659 1.632161643
[325] 1.936792475 1.110034676 0.839209685 0.801441393 1.633751518 0.109607069 0.491057105 1.121994578 0.773718038 0.826198785 1.648863664 1.859787940
[337] 0.823825032 0.732418755 1.532493430 0.663352170 1.954772424 1.077109269 0.125006880 0.330635342 0.325621038 0.570477652 1.172486143 1.888261390
[349] 1.235537026 1.799505681 0.455486786 1.517161387 0.430969945 1.531812193 0.919904667 1.526435642 1.860599106 0.449321700 0.968302215 1.266304124
[361] 0.591265480 0.968653198 1.692683428 1.919598934 0.123177673

$d2
  [1] 0.538157047 0.958633705 0.874342841 0.995589122 1.780967463 1.063169552 1.267278198 1.890379724 0.043255616 1.275762448 0.104725917 0.699305737
 [13] 0.135640051 0.064790415 0.364103071 0.353477659 1.026219614 0.101534511 1.485383139 0.333443327 1.697026277 1.065823854 0.449377613 1.165647167
 [25] 1.846600569 0.131939089 0.838206568 0.992769838 1.992282985 1.504484906 0.955709603 1.995626896 1.707067656 0.073539321 0.413510506 0.648472798
 [37] 0.366963115 0.526814617 1.392099316 1.674431908 1.185348155 0.141493881 0.166171393 1.773953591 0.146065146 1.382258472 1.415876939 1.192268346
 [49] 1.086660387 0.990835310 0.094194065 1.828059610 0.878949904 1.425426082 1.039443924 0.778230811 0.778540824 0.441053295 0.639812044 1.066585959
 [61] 0.565948129 1.900191360 0.751802838 0.493926443 0.865136240 1.225330186 0.524376738 0.271488221 1.241440822 1.033095069 1.817190671 1.822986638
 [73] 1.234973876 0.436075009 1.553407303 0.546003236 0.033973264 1.719680907 1.844723024 0.234508449 0.499951802 1.192339266 0.639543127 0.634013116
 [85] 1.326411421 1.502254489 1.261118991 1.999145966 1.888579760 1.978362177 0.857078481 0.043272714 0.752155282 1.205054443 1.765573130 1.196568682
 [97] 0.209324676 1.443579044 1.501200327 1.533260518 1.524821463 0.072988992 1.335754795 1.827461695 1.324725658 0.503365750 1.055962151 1.924120050
[109] 1.899631895 1.840885397 1.442440234 0.904295690 1.678659042 1.657121129 0.674440201 0.095437330 1.164548941 1.206884642 1.496622511 1.425493326
[121] 1.660489632 1.744591618 1.251834134 0.080386980 1.269858062 0.370209392 0.238245868 0.864580722 0.279886599 0.032847824 1.016773784 1.367662710
[133] 1.421658910 0.018130592 1.211028278 0.814714095 0.136823298 0.641036145 0.484032454 1.588519920 1.700659959 1.066328057 1.083561653 1.804657618
[145] 0.049247131 0.327397975 1.980665745 0.614443121 0.350897585 0.774502066 1.162149027 0.863093512 0.218853915 0.299537249 1.615881794 0.738776640
[157] 1.795749226 1.386831215 1.335489394 1.720451704 0.575372269 1.240293419 1.662271751 0.884738055 0.821157890 0.255026932 1.961768792 0.132034218
[169] 0.951896663 0.050683792 0.240733063 1.548329813 1.505631604 0.738042627 1.247237253 0.409851727 0.646018817 1.572212263 0.012887748 0.421928067
[181] 1.484298862 0.711980060 1.090742870 1.945674899 1.650069828 0.192033864 0.118839460 1.752766634 1.789040241 1.808921533 1.842922630 1.501925528
[193] 0.832878927 0.720600473 1.978942936 0.588823591 1.693555140 0.946897610 1.210076399 0.922175448 0.777213187 1.396030398 1.165315764 0.693920096
[205] 0.596031981 0.462121923 1.935626919 1.350330225 0.829031819 0.352585281 0.160403571 0.566299661 0.983045122 0.893352160 0.146392701 1.536545052
[217] 1.183034392 1.423890824 1.993701636 1.311401928 1.548429897 0.375852754 0.403462247 1.952475158 0.674530811 0.383888569 1.863619132 0.810159759
[229] 0.962616161 1.395232283 0.210561042 1.237883079 0.724334714 0.135971433 1.454449256 0.738431218 1.264630735 1.784176007 0.583940165 0.262882037
[241] 1.776014869 1.449387869 0.249417097 0.834030463 0.986246539 1.132743891 0.705310476 1.780140528 1.377549445 0.326803867 0.428196460 0.358179271
[253] 1.189497574 1.114544118 1.535753756 0.758720382 0.169444007 0.914402346 1.126567234 0.970082168 1.173091733 1.195233180 1.947612369 1.233607165
[265] 1.246910926 1.285910038 0.830579115 1.141317097 0.859605373 0.999169993 1.389289189 0.073648036 1.656543077 1.965064143 0.501537012 1.021318864
[277] 1.950199149 0.474536103 1.380828846 1.923423121 0.366133932 1.028485021 1.840413092 0.060216955 0.312738744 1.340914352 1.041362507 0.735180492
[289] 1.789628652 1.251912109 1.020123106 0.402040753 1.716562106 1.872264858 1.130847174 1.328614191 1.351010141 1.230260571 1.450064553 0.228646002
[301] 0.617047125 0.218609407 1.912144897 1.012028089 0.346530582 1.164721569 0.179815008 0.001669207 1.180677021 1.370718214 1.270895806 0.552287278
[313] 0.897242849 0.956363303 1.709374661 1.311355944 0.727657562 1.057643128 0.453101698 0.920363071 0.598669950 1.769355314 0.859031886 0.577069425
[325] 0.961963342 0.900476080 1.906632363 1.200693773 1.875153764 1.764026929 0.741588297 1.238470368 0.551486358 0.850534172 1.053613464 1.625496207
[337] 0.758210842 0.059242804 1.359725422 1.811537719 1.860461074 1.880780295 1.259708211 1.317443768 0.416928282 1.982571365 1.118210877 1.954293929
[349] 1.366624941 0.922561857 1.025915113 0.390404571 0.180734740 1.636042383 0.564736361 1.953070458 1.567160096 1.950870707 0.085315097 1.133366582
[361] 1.613147331 0.623664556 0.300079988 0.966108544 1.288813952

$d3
  [1] 1.677344902 0.058455991 0.854742157 0.766402528 1.667849733 1.682045316 0.665941549 0.212762427 1.016900792 1.752644638 1.027161841 1.320174201
 [13] 1.974557554 0.443347294 1.469244185 0.767977934 1.960986052 1.007413310 1.184174151 1.526288597 1.099987455 1.062410471 1.695956016 1.031626228
 [25] 0.007138282 0.005085910 0.242743340 1.089612796 0.530247951 1.126558487 0.202612323 1.493400878 1.064558337 1.903426716 1.687659853 0.621131637
 [37] 1.979322941 1.842881771 0.938404696 1.400506856 0.216905103 1.339314118 0.862954658 0.610245499 1.756969100 1.641309196 1.706953279 0.647082696
 [49] 0.046180598 0.183568395 0.235629929 1.807338638 0.199300680 1.915459314 1.553263424 0.240860756 1.712824543 1.131272840 0.596915589 0.792753423
 [61] 0.864873499 1.650483146 1.360133283 0.189007326 0.462894220 1.265930475 1.135770986 0.333504985 1.884338313 0.744674830 0.386177728 1.142881881
 [73] 1.802140316 1.348414158 1.286390699 1.650118500 1.890312928 0.034472031 1.984359208 0.936556969 0.527555282 0.512221249 1.938892811 1.570212279
 [85] 1.256831361 1.775743582 0.053700141 0.722773471 1.108776218 1.399589851 1.741418866 0.575634937 0.520171899 0.164365069 0.150738605 0.825911855
 [97] 0.287587018 1.550025621 0.985470517 0.472307479 1.927759614 0.183345900 1.917796699 1.560645598 0.883953333 1.521435184 0.001775048 1.132560758
[109] 1.655520905 0.417627492 1.242874586 0.955233578 0.525991396 0.926862755 0.666035984 0.714028641 0.542322793 0.714397978 1.318756141 0.435217338
[121] 0.730605967 0.106222688 0.451455008 0.931266707 0.464375463 1.329065485 1.303686320 0.872023205 1.879326272 1.885890258 1.328029866 1.018281549
[133] 0.039562767 1.191983355 1.498482822 0.339626290 0.725957155 0.925010689 1.139169637 0.468770017 0.226415571 1.476908561 0.002439741 1.309107517
[145] 0.345680496 1.645844704 0.779388523 1.310266234 1.196858641 0.598333350 1.763916255 0.381059497 1.200434676 1.821479811 1.896624324 0.849975637
[157] 0.319085031 1.225557373 1.013738781 1.429406362 0.281491999 1.951004118 1.399999960 1.765231299 1.220865087 0.699954406 1.317379595 1.235121012
[169] 1.996413905 1.251249368 1.120060429 0.198660023 0.923362989 0.346037868 0.043182765 0.708855309 0.772921393 1.561773793 0.683707379 0.770298275
[181] 1.499266309 1.269773761 1.795382971 1.311979505 1.647869704 0.803331149 0.230044717 1.393339017 0.966071184 1.661865563 1.467206289 1.979220834
[193] 0.463252192 0.519738820 1.618037871 0.201013068 1.933900315 1.431714881 1.940014938 1.281368826 0.977106708 1.459037524 1.724873372 1.271831562
[205] 0.348841508 0.897693001 0.770113074 0.253210966 0.093925612 1.985939303 0.920838608 1.378766189 1.350327398 1.644411997 1.185355741 1.080098344
[217] 0.747614826 1.939067894 1.166405360 1.098622465 1.676605428 1.667935380 0.114689536 0.665996982 1.809946606 0.206167767 0.330109646 0.112319756
[229] 0.921016710 1.784439282 0.593881470 0.450258513 1.230887468 0.498631319 1.196699002 0.210677777 0.757699812 0.943635114 0.647941337 1.342382664
[241] 0.537316110 0.918286238 1.633550376 1.748483171 0.281839648 1.348787727 0.673546996 1.584330245 0.770746009 0.884495873 1.328109190 0.308375965
[253] 0.467015388 0.818522022 1.202508177 0.603316818 0.491565670 0.610540015 1.034995014 0.578998268 1.293448026 0.629853124 0.315912718 1.747963015
[265] 1.895294027 1.151980101 1.523783749 1.724923742 0.059363081 1.382549017 0.531773369 1.940514777 0.160884781 1.623411062 0.858254712 0.307691904
[277] 0.206987016 1.476156308 1.245560855 0.072554911 0.856960171 0.298760628 0.698178000 1.874837543 1.427833714 0.473555934 1.486187733 1.025446685
[289] 0.588116425 0.322854288 0.758698426 0.750652775 0.867942232 1.351472836 1.797177131 0.520666348 0.007431834 1.051203348 1.363772543 0.060632685
[301] 1.373470486 1.295596371 1.419811304 0.037781478 0.924014893 1.948898879 0.975528958 0.339941473 0.187248759 0.248178402 1.804470344 0.742636166
[313] 1.206998533 0.329515515 0.513034282 1.945428400 0.374089991 1.172716084 1.940770192 0.434859888 1.588766221 0.036174536 0.653827611 0.092936034
[325] 1.656405940 1.025433228 0.460642351 0.224143630 1.456476361 0.404426790 0.778453274 1.582548593 0.771741559 0.316873909 0.074772111 0.250044110
[337] 1.324133048 0.249080474 1.008289646 1.964076446 1.973179726 1.012786031 0.546482251 1.736654589 0.855662984 0.522781385 0.381469319 0.030070504
[349] 0.426312705 0.903792828 1.810376977 1.116836500 1.070483731 0.082708113 1.840626760 0.744021917 0.872025995 1.932276434 1.307131656 0.023016318
[361] 1.985827454 0.027050423 0.857000139 1.660965409 0.587329756

$Z01
  [1] 0.179857976 0.106952888 0.110621350 0.129881690 0.177658174 0.124833439 0.021328930 0.025598010 0.096140404 0.037628869 0.015796466 0.004539202
 [13] 0.079489207 0.128685772 0.148633935 0.025356633 0.151898477 0.039642237 0.098940786 0.083128089 0.121602876 0.070314230 0.032179861 0.158878457
 [25] 0.148280141 0.170080340 0.199314356 0.188294388 0.045728753 0.026917662 0.049493038 0.048964305 0.143000143 0.035785364 0.130585778 0.199087294
 [37] 0.051867315 0.133573686 0.058330372 0.199976158 0.035434006 0.010977047 0.156608628 0.065456870 0.047695770 0.005414961 0.042339664 0.066341240
 [49] 0.009648502 0.197355098 0.088865667 0.123360186 0.140863813 0.062451958 0.197677247 0.060852535 0.046480607 0.019418554 0.034258278 0.053936793
 [61] 0.085729234 0.090832542 0.145573516 0.135318501 0.025017037 0.091401587 0.037074190 0.059956392 0.046883692 0.197267575 0.105657059 0.191781199
 [73] 0.178589701 0.151092475 0.112224883 0.074857127 0.188024190 0.043821661 0.081423126 0.077528360 0.067106558 0.037211843 0.035201083 0.199569595
 [85] 0.061391574 0.172363554 0.030568581 0.020305998 0.115400421 0.175048380 0.147757078 0.007166675 0.186810520 0.175839133 0.155464203 0.094613755
 [97] 0.140248222 0.014762075 0.127841003 0.060167460 0.159931260 0.035286260 0.091034956 0.143651453 0.057120543 0.074048236 0.157969070 0.120449743
[109] 0.066197173 0.024407350 0.109450287 0.029120770 0.142710382 0.088522777 0.141158845 0.082371495 0.151070293 0.119521748 0.023440789 0.034837477
[121] 0.083450547 0.024270511 0.150078697 0.063295303 0.035139802 0.091580570 0.077356496 0.169169144 0.099894718 0.105950264 0.088877311 0.012000230
[133] 0.194307106 0.108760861 0.072266441 0.072380344 0.027675201 0.058547048 0.013808714 0.177268067 0.119502113 0.121580740 0.127183634 0.127594592
[145] 0.052782452 0.114182265 0.073962208 0.082739253 0.153048028 0.102072638 0.010984028 0.079368484 0.160269831 0.136535232 0.023853569 0.023215368
[157] 0.113747768 0.009584990 0.140742281 0.043569450 0.188800915 0.196765555 0.167711797 0.165641345 0.055310221 0.046140953 0.116181217 0.168571697
[169] 0.143360389 0.029145535 0.035289807 0.018412307 0.028470539 0.166757710 0.012639805 0.044913279 0.134063920 0.104804288 0.028702677 0.021578524
[181] 0.104541194 0.083207454 0.028332128 0.133046246 0.007839702 0.125616267 0.197775524 0.070328952 0.043685977 0.145570062 0.141397603 0.190170827
[193] 0.055306701 0.074412142 0.009290345 0.072140585 0.069518397 0.135236544 0.033751081 0.143150384 0.162412835 0.114593527 0.057445084 0.003556817
[205] 0.028993845 0.037201585 0.098329668 0.019090010 0.035891840 0.170336270 0.065112263 0.060940896 0.115891122 0.019936411 0.027804023 0.151015581
[217] 0.118112194 0.064485623 0.154301937 0.138629892 0.199033344 0.131988969 0.139331714 0.087362475 0.024219548 0.057215156 0.113437610 0.146295559
[229] 0.091906824 0.186066734 0.076065984 0.144787251 0.107472737 0.021832092 0.004062852 0.159510613 0.052225710 0.097737927 0.184442387 0.029065365
[241] 0.048590910 0.067562065 0.191257124 0.189370813 0.022216461 0.051137935 0.172432050 0.189736566 0.072233221 0.131921148 0.060701837 0.011851029
[253] 0.162839057 0.196533332 0.178692952 0.002676568 0.198370009 0.061822084 0.182753918 0.038604400 0.026219361 0.176442418 0.133330320 0.127936121
[265] 0.137601836 0.058275034 0.052578715 0.027802025 0.103214737 0.157654749 0.109609279 0.134409299 0.125758068 0.091245878 0.181463179 0.076510707
[277] 0.032938174 0.056608185 0.017096910 0.137465522 0.184355528 0.183569621 0.050424713 0.122441300 0.011201756 0.027554586 0.156399177 0.198329329
[289] 0.191642968 0.130964607 0.199250583 0.151378884 0.034096287 0.179517605 0.018408844 0.147136369 0.106312587 0.199559496 0.028622917 0.140493543
[301] 0.100950286 0.131432918 0.143978844 0.098173079 0.181310181 0.112680689 0.035140866 0.041213661 0.101618265 0.015171906 0.099440161 0.074865400
[313] 0.103941336 0.128766480 0.103459665 0.073762495 0.072169185 0.093398508 0.084871879 0.015339171 0.123804913 0.066639574 0.025108834 0.066658933
[325] 0.104244943 0.018265755 0.143865224 0.167497098 0.135915008 0.037224613 0.129173807 0.132489552 0.020039797 0.001090875 0.168761662 0.043683554
[337] 0.078828704 0.103491683 0.008600942 0.157487529 0.131568265 0.040230511 0.112800672 0.037232308 0.120397293 0.182999354 0.135703650 0.179638110
[349] 0.155521757 0.005442448 0.006129396 0.030924389 0.199284050 0.166779919 0.107580420 0.154554127 0.081974200 0.110621434 0.083598548 0.189053900
[361] 0.049372038 0.056205278 0.003438689 0.148564138 0.012992169

$Z02
  [1] 0.196800483 0.176747175 0.045057624 0.068543218 0.014336258 0.173212682 0.196734464 0.080289466 0.190425245 0.028519534 0.003690686 0.167924636
 [13] 0.092238438 0.152863372 0.018259914 0.196160603 0.045870239 0.172201208 0.111685484 0.007782427 0.188379047 0.038503655 0.063421476 0.067659727
 [25] 0.120960859 0.057630666 0.150739143 0.090080658 0.047142737 0.069079903 0.048645576 0.087134973 0.042573870 0.109177804 0.189945018 0.158340305
 [37] 0.154741451 0.004762562 0.166305284 0.172140175 0.061831701 0.153402179 0.028195982 0.186312926 0.121015929 0.002773261 0.142463753 0.190061497
 [49] 0.082917583 0.134280090 0.003696001 0.112977554 0.049031441 0.112925205 0.165366348 0.077633511 0.100349827 0.177556718 0.079429817 0.091645269
 [61] 0.059249967 0.088662742 0.035239936 0.068685089 0.115136768 0.110328931 0.167467459 0.097376576 0.030336958 0.017265114 0.012995427 0.129036284
 [73] 0.162905803 0.030856642 0.067451613 0.169493706 0.188137146 0.061051454 0.098126613 0.085717635 0.066572298 0.193019050 0.126077911 0.114394013
 [85] 0.050365456 0.080523566 0.182813563 0.038429151 0.084782757 0.128626250 0.080875794 0.059848705 0.185894121 0.193814923 0.072790995 0.106681778
 [97] 0.103706608 0.178176610 0.127507359 0.124772491 0.101269656 0.025095271 0.081897613 0.088171052 0.146888713 0.131537087 0.052940666 0.124653792
[109] 0.018376120 0.088233070 0.185305776 0.176784106 0.064048969 0.152275999 0.195638907 0.145562478 0.116264804 0.085580253 0.198706624 0.078550320
[121] 0.087543792 0.060690173 0.034941541 0.119491347 0.082583241 0.183054599 0.156379303 0.133957660 0.131945789 0.037991058 0.160559638 0.130025101
[133] 0.111561647 0.099258102 0.086764626 0.036901030 0.122796829 0.112863878 0.068390052 0.141416197 0.026888936 0.061404469 0.151144611 0.161413402
[145] 0.003407997 0.171986393 0.131925808 0.037492350 0.165295015 0.033683503 0.095666270 0.150297040 0.133720559 0.022759322 0.113088537 0.157423117
[157] 0.066013989 0.183953103 0.123854456 0.111762648 0.154484698 0.146006267 0.129310613 0.114325315 0.194095910 0.098552006 0.073853626 0.171954349
[169] 0.149879840 0.022034009 0.015827096 0.094110511 0.078169688 0.052576898 0.034677478 0.055376140 0.166198095 0.087127858 0.043860404 0.159834023
[181] 0.046377207 0.131863836 0.119050258 0.094249639 0.167541743 0.006008402 0.147262412 0.057884445 0.122138487 0.094238529 0.149755352 0.079179150
[193] 0.061900836 0.035665869 0.146491737 0.065584913 0.176698833 0.143476127 0.108128517 0.198661365 0.080257850 0.105979567 0.118399205 0.128467739
[205] 0.037033823 0.160048151 0.130798961 0.055197837 0.064671257 0.039016046 0.134834015 0.065687824 0.113392302 0.007496918 0.110439604 0.034480175
[217] 0.029802927 0.054849387 0.117371019 0.071017952 0.034457819 0.012741349 0.150668697 0.037657207 0.102787641 0.113305989 0.049820768 0.048050616
[229] 0.154744573 0.122568501 0.130835101 0.012421532 0.123170456 0.040339386 0.098491267 0.155647145 0.036861241 0.172565924 0.148407423 0.075367865
[241] 0.146928911 0.072568685 0.034189309 0.142496844 0.124595151 0.148424343 0.021997201 0.031517114 0.082474728 0.096630571 0.137791411 0.182934433
[253] 0.038534048 0.105488811 0.100789939 0.093462720 0.135691427 0.050416743 0.136015503 0.028186684 0.152848754 0.165735476 0.009626792 0.023541038
[265] 0.153264861 0.145424822 0.064377603 0.122060774 0.125507823 0.091104123 0.184840206 0.109531613 0.137672665 0.141126735 0.141631806 0.101403706
[277] 0.031609557 0.163027289 0.073339351 0.134678789 0.060862479 0.143894338 0.125851556 0.109514752 0.005754724 0.001380073 0.176433676 0.016449336
[289] 0.169033434 0.189637636 0.184144579 0.040365933 0.135184979 0.076826243 0.070112523 0.020986748 0.116119140 0.070461444 0.178064215 0.156517581
[301] 0.163148031 0.160351084 0.008000197 0.126688017 0.145746608 0.153983514 0.183253006 0.058015525 0.128277400 0.046457379 0.142176521 0.139655023
[313] 0.139576231 0.033034944 0.114577068 0.169101951 0.021074406 0.128204303 0.138603877 0.161780180 0.145971064 0.131544127 0.085094402 0.007946412
[325] 0.054030149 0.092346002 0.040535491 0.055728962 0.025316942 0.099714362 0.115031564 0.026029430 0.077171797 0.173520967 0.087081663 0.077344099
[337] 0.090321283 0.004364995 0.180610276 0.039135558 0.091754880 0.150292163 0.155275823 0.181196974 0.014709911 0.067767050 0.031929039 0.006152409
[349] 0.069618852 0.119470476 0.097466186 0.167518824 0.031182966 0.048097472 0.183335589 0.122853801 0.039297040 0.078863600 0.085306945 0.152080421
[361] 0.100432403 0.173766291 0.004772311 0.020691073 0.094156547

$Z03
  [1] 0.066916719 0.016290212 0.164212734 0.011274728 0.158026158 0.079868682 0.128134663 0.107143293 0.038231899 0.129520473 0.122631553 0.118553240
 [13] 0.182180264 0.155833228 0.143939141 0.073086966 0.167650926 0.092282437 0.142895847 0.089148084 0.187146460 0.047770443 0.139444639 0.100640902
 [25] 0.152094806 0.127880804 0.142443926 0.016003478 0.056248517 0.091309465 0.057909484 0.116797306 0.023952567 0.120081944 0.096115791 0.169774530
 [37] 0.081624086 0.005498453 0.026772438 0.080911133 0.125092334 0.103550673 0.067130097 0.116672924 0.100931874 0.197081955 0.115526480 0.077916422
 [49] 0.011935233 0.019629819 0.163399579 0.127872582 0.044046092 0.011166339 0.015281783 0.111071848 0.158168169 0.106766344 0.132891389 0.074096087
 [61] 0.082569954 0.048735809 0.061790469 0.139173472 0.087737141 0.126250413 0.061568825 0.048311883 0.196921701 0.076088136 0.151619248 0.076967645
 [73] 0.087472659 0.111385961 0.067701914 0.072370337 0.014161309 0.098697784 0.121548758 0.112878194 0.196601560 0.191181283 0.053217858 0.169856283
 [85] 0.172625582 0.087938029 0.083588561 0.070262469 0.088161684 0.163933881 0.073668975 0.146397021 0.152912058 0.084250539 0.115843043 0.136321865
 [97] 0.018253721 0.048580572 0.164533356 0.163759328 0.017315466 0.083255704 0.164532783 0.083707094 0.185404827 0.168199131 0.169071765 0.166708343
[109] 0.173494770 0.026368562 0.097288412 0.001065973 0.112082264 0.056401517 0.069424662 0.011908128 0.101136844 0.160817867 0.017224832 0.167290866
[121] 0.098604760 0.068788033 0.023599475 0.071873709 0.104682452 0.189505054 0.161031847 0.050816295 0.171812021 0.060139073 0.061095408 0.044371791
[133] 0.118860015 0.178538823 0.106119321 0.171777785 0.032621377 0.125176432 0.049869669 0.023378136 0.001879015 0.129191879 0.016961850 0.158489271
[145] 0.134334268 0.075535224 0.185768757 0.116834242 0.182963023 0.151129625 0.195189527 0.142829170 0.094581792 0.071052534 0.147109136 0.112836022
[157] 0.181504597 0.137356037 0.100638323 0.177447080 0.114132082 0.118985341 0.180447615 0.042050896 0.106071665 0.163784322 0.165337823 0.102804577
[169] 0.075760081 0.147155585 0.177944530 0.031846093 0.005558355 0.018000006 0.009310521 0.070974514 0.041425852 0.095642995 0.083085537 0.113428753
[181] 0.175242552 0.035471321 0.195518295 0.085027400 0.144086623 0.156919871 0.067894705 0.068435523 0.089218950 0.146358552 0.180338390 0.170244720
[193] 0.177521259 0.184720158 0.056812503 0.168629466 0.087662863 0.168901366 0.105735190 0.028209742 0.055159074 0.153741411 0.183650925 0.052369875
[205] 0.197475916 0.037591853 0.063668781 0.087533266 0.002561416 0.078831736 0.063189804 0.177401993 0.160746037 0.052378392 0.033533509 0.160006110
[217] 0.058295454 0.125369233 0.179065595 0.131690105 0.085936022 0.016029087 0.109454643 0.099432027 0.059868565 0.087736645 0.002528793 0.055451910
[229] 0.016069017 0.086330118 0.140789145 0.161694234 0.093933663 0.105303220 0.146827508 0.177492560 0.029072800 0.139247400 0.157850471 0.165869899
[241] 0.069938868 0.023523851 0.094013854 0.044227276 0.076347147 0.107007819 0.024229140 0.068089600 0.109891696 0.076219383 0.009411022 0.187761077
[253] 0.109878600 0.047732585 0.103128228 0.084885436 0.186718793 0.186118665 0.139917038 0.060083400 0.001561685 0.127155091 0.151358907 0.054347108
[265] 0.039980086 0.032181646 0.102109636 0.184730540 0.173916546 0.053951488 0.192191745 0.143044248 0.061831550 0.191363660 0.088186957 0.106769080
[277] 0.176492528 0.163362469 0.176308217 0.040813900 0.111656076 0.089012083 0.018901880 0.190162806 0.166248673 0.143617812 0.137865746 0.093625781
[289] 0.070276224 0.033072150 0.010353374 0.110568698 0.010106485 0.054160725 0.083605755 0.179233420 0.084310328 0.167929100 0.145595936 0.057780204
[301] 0.002622079 0.050427325 0.120728126 0.076693554 0.055960630 0.031600795 0.177808425 0.006385007 0.004517315 0.034042547 0.107154015 0.093670768
[313] 0.120205876 0.110214261 0.116533525 0.188683519 0.156605434 0.093090025 0.140887793 0.156325109 0.092202939 0.167026246 0.127587753 0.076322397
[325] 0.148479335 0.050464393 0.035396528 0.189419618 0.129993389 0.053570811 0.037539836 0.185818041 0.190459680 0.017602019 0.157594974 0.074564008
[337] 0.075071453 0.168572735 0.115684466 0.044405993 0.054317071 0.185445108 0.154008568 0.014614000 0.081437882 0.053447622 0.069586098 0.164807867
[349] 0.088274475 0.147701086 0.005948545 0.067900250 0.129513995 0.031452161 0.002751420 0.159881663 0.008682451 0.193356296 0.092782107 0.137392181
[361] 0.148919293 0.095379716 0.135624358 0.038166004 0.020914722

$cor1
[1] -0.415242

$cor2
[1] -0.05769433

$cor3
[1] 0.5446381

$sigma1
[1] 6.062523

$sigma2
[1] 1.972053

$sigma3
[1] 1.837539

$sigma4
[1] 0.1884573

$d1
  [1] 1.655637053 0.392111176 1.813065468 0.754158571 1.028768434 0.949490208 1.018071913 0.268149631 1.930213736 1.333165357 0.523984443 1.650532651
 [13] 1.433471804 0.641127863 1.000779281 1.913651744 1.874337374 0.523144421 0.569369998 0.931012769 1.670531871 1.618290798 0.848138152 1.383807501
 [25] 1.843980760 1.740457619 0.768579928 0.510638401 1.237449469 1.288436211 1.068024883 1.021119545 0.991439474 1.704915250 0.282234707 0.334187200
 [37] 0.008895897 0.587315788 1.439318336 1.580934941 0.905792607 0.353033073 1.755006085 1.763233153 0.660114033 1.652416037 0.281488031 0.690223747
 [49] 0.224354298 1.567980807 1.962820198 0.311683626 0.847317352 0.955091366 0.772351977 1.594507060 0.322549124 1.486854448 0.148652089 1.966459265
 [61] 0.340899055 1.322149411 1.763590357 1.081828447 0.833716352 1.309926615 0.360657620 0.331437288 1.840584460 0.768306846 0.761959894 0.535364803
 [73] 0.274692600 0.084159568 0.018721225 0.328662201 1.455476233 0.471347422 1.698752209 0.491528188 1.423082596 0.908248047 0.992272770 1.034559292
 [85] 1.632131865 1.392442598 1.737017692 1.853710154 0.205535596 0.508064065 0.389992777 0.675282328 0.554203495 0.524792954 1.649547090 1.173862630
 [97] 0.525311300 0.185431899 1.106903777 0.034652900 1.695130735 0.083927302 1.849439915 0.282775859 1.791898630 0.972456535 1.211741603 1.810888409
[109] 1.284777124 1.208486392 0.407858455 1.697645615 0.744012030 1.218631939 1.978807944 0.830980259 0.913831847 1.836718952 0.591431692 1.044017951
[121] 1.307127417 1.713794876 1.070949251 0.305420095 0.773857109 0.523965938 0.383034035 0.600310267 0.453664419 0.786118467 1.025137863 0.643036482
[133] 1.736205329 0.491650313 1.117544788 0.355636174 0.449588788 0.018344085 1.209403100 0.054015538 0.579132483 0.515442255 1.226992335 0.403797824
[145] 1.988688666 1.222983904 0.875320419 1.962338490 0.355145760 1.786538190 1.744691600 0.767193308 0.398990277 0.146627443 1.742971915 1.030595322
[157] 0.824983684 0.741084560 1.851745953 0.834680866 0.511522317 0.106941328 1.784332439 0.894980233 0.604756071 1.107795211 0.107372523 0.365997522
[169] 0.274852217 0.804608684 1.045097211 1.590633008 0.386230885 1.484450604 1.666782377 0.602341833 0.592459482 0.443210978 1.669145820 1.058778526
[181] 1.515609065 0.502298004 1.831566067 0.100810434 1.834591004 0.689271656 1.605193115 0.224790583 0.888789163 1.318412549 1.894754108 0.917698208
[193] 0.690889005 1.031815804 0.643334080 0.741785876 0.733985216 0.134314835 1.842590434 0.777138848 0.384944848 0.374487578 1.827159357 0.779805001
[205] 1.040354728 1.000850451 1.905934394 1.326334731 1.762955909 1.920429876 1.082555635 0.652338434 1.566417987 1.390863599 1.374599806 0.217076968
[217] 0.317970086 1.267264428 1.482974525 0.921640160 1.644645968 1.615025431 0.385557058 0.184066588 0.500394915 1.033619777 1.917470637 0.619814678
[229] 0.837345539 1.473848189 1.311622966 1.508166527 0.221066207 0.081411992 1.810033944 0.109001580 0.303341209 1.479234967 1.272160204 1.214056553
[241] 1.025618841 0.897006295 0.471530283 0.837986154 0.595600157 1.538808035 1.878718955 0.747870709 0.942562503 1.438819266 0.368633859 1.411208604
[253] 1.459064878 0.682684526 0.245072367 1.143373119 0.039669282 1.904570583 1.795570849 0.113920515 0.843877742 0.025558881 1.970381990 0.784525759
[265] 0.960691015 1.977188370 0.040574002 0.710388260 1.017958613 1.296906332 0.730046244 0.119796943 0.650224890 1.723411830 1.682027779 0.850000302
[277] 1.413376644 0.107083087 0.176000999 0.461832804 0.887367612 1.964768244 1.829903729 1.374221440 0.963046840 1.276640544 0.265648966 1.012066738
[289] 1.420105204 0.804540024 0.268481533 1.673673990 0.125778088 0.338580352 1.020639301 1.791169598 1.304165202 1.943264770 0.579427025 0.814602602
[301] 0.600521449 0.554489568 0.102087363 0.680466091 0.143958974 0.713351009 0.586357348 0.483014216 0.009556063 0.811842286 0.197158846 0.124069300
[313] 1.824040464 1.204727465 1.719958412 0.934584071 1.447863630 1.202508386 0.547321962 0.227191380 0.879649377 0.955745607 1.509394894 0.444747544
[325] 1.515161910 0.982905860 0.433305508 0.020280425 1.649171528 0.534515399 0.261195781 0.334378881 0.779817705 0.098771542 1.021515903 0.837981529
[337] 1.538422487 0.575932758 1.717210219 1.634798544 1.062944174 0.940731599 0.661956167 0.770106099 1.816139700 1.170769658 0.865689623 1.276760250
[349] 1.531624798 1.438203557 0.680040826 0.694299739 1.954654805 0.431158890 1.929294232 1.612186720 1.524979132 0.198997916 1.756495442 1.207481877
[361] 0.935202501 1.457425126 0.231980480 1.228790436 1.465417749

$d2
  [1] 0.425070872 0.851845651 0.002448375 0.284568146 0.649372335 0.068256155 1.196459384 1.222683634 1.079706292 1.990650116 0.354501383 0.745105495
 [13] 1.062068710 1.583318555 1.008812040 0.710606981 1.180177307 1.198202076 1.168270017 1.144374671 1.132794887 0.165111041 1.241175604 0.671357773
 [25] 1.882151053 0.669809666 0.642585324 1.945771700 1.750610471 1.743235977 1.415434414 0.798454372 0.528270951 1.329172008 0.139226503 0.122594308
 [37] 0.784463410 1.642776647 1.539736549 1.491294389 0.284566634 1.077929364 0.106237603 0.650960478 1.680833139 1.716027274 1.883684059 0.778614508
 [49] 0.320437238 0.727331052 0.206804599 1.141975732 0.498372106 1.075238913 1.947889774 1.913928026 1.933146551 0.973275074 1.669455229 1.715885524
 [61] 0.763168580 1.128367987 0.887268211 1.538596534 0.590545626 1.531871502 0.757053753 1.875054187 0.171026631 0.694759590 1.378261640 1.438024057
 [73] 1.036852984 1.445045753 1.375579339 0.627292520 1.079604231 0.491660906 1.270166621 1.174849889 0.168208213 0.279670992 0.310353904 1.839174390
 [85] 1.949578736 1.867748128 0.768289480 1.211556603 1.836058317 0.706871447 0.861292160 1.780967316 0.748562982 1.227427480 1.666463074 0.278596394
 [97] 1.231384994 0.307874541 0.771169795 1.307702305 1.602001346 1.473945467 0.208132045 0.787931491 1.720122101 0.586357190 1.477264080 1.904414416
[109] 1.580124769 0.113476910 0.577945621 0.061683312 0.924855238 1.713044681 1.334248519 0.205151046 1.128618706 0.126212997 1.445817369 0.274487210
[121] 0.414493255 0.912021856 1.052226741 1.869895659 0.447707613 1.367876828 1.477226414 1.973476730 0.937514569 0.904824035 1.258816508 1.224199700
[133] 0.733990766 1.837549347 0.833951221 0.366488300 0.180201153 0.213111713 1.903509579 1.464243093 0.697677117 0.789380575 0.989395804 0.991298183
[145] 0.024090391 1.518107618 0.139623658 0.163312927 1.885053309 0.393059993 0.604239098 0.288447499 0.333536619 1.098605569 1.113316606 0.462152647
[157] 1.802513133 0.702422894 0.769328616 1.463658561 1.012971530 0.483775808 1.694811927 1.475586039 0.909384566 1.692464304 1.226694061 1.479240224
[169] 0.714477170 1.768546916 0.862563016 0.070558227 1.355495263 0.285430925 0.202789611 1.579324287 0.977754012 0.314997850 0.777471367 0.443487918
[181] 1.358958542 1.512536705 0.216879224 0.048475020 1.433435793 0.658385042 0.687437151 0.320978650 0.903093927 1.302549204 0.697164467 1.589515200
[193] 1.478738973 0.582488774 1.289251349 1.686486148 1.788758036 0.497494485 1.948419481 1.487229772 1.310910619 0.997284915 0.758865041 0.534024941
[205] 0.080320905 0.858102139 0.463957692 1.269240072 0.554991622 0.930424709 1.044818728 0.230280144 1.483621874 1.089594311 0.674303328 1.127072795
[217] 0.905811471 0.672492114 1.746993794 0.268499947 1.141272262 1.578848099 0.541370535 0.636964081 0.395918130 0.704812655 0.239019094 0.041553544
[229] 1.693991742 0.193056279 1.805632566 0.722151330 0.455462776 0.777404313 1.525222500 0.778078313 0.822643594 0.251704637 1.258364640 0.474693755
[241] 0.769045257 1.647914576 0.255702785 0.633816077 1.707601434 1.218344974 1.727374862 1.484524266 1.708742039 1.216564967 0.685669254 1.612054748
[253] 1.635892222 1.653995744 1.725835132 0.929036569 1.570052711 0.777934172 0.547166727 0.137830627 1.356356353 0.378112294 0.196447614 1.373006248
[265] 1.355693708 0.954299756 1.460126388 0.594141021 0.204708843 0.901168872 0.825939603 0.129233405 0.262915943 1.387662457 0.021071402 1.438205169
[277] 1.715149604 0.351074687 0.959864457 0.246022920 1.885880132 1.012336567 0.902321543 1.544046653 1.946344627 1.412432412 0.774023683 1.672365775
[289] 0.678560369 1.931751214 0.797106543 1.041144071 0.119336122 1.151950925 1.765526262 1.240867598 1.719356293 1.071696008 1.258647039 0.259477479
[301] 0.555609443 1.418064478 0.769808080 0.672062423 1.614838717 0.427205601 0.188500377 0.158143321 1.684428708 1.982970397 0.858481944 1.958262452
[313] 1.942376111 1.462029292 1.584241968 0.932999704 0.036762044 1.450143908 0.056558768 0.265184950 1.063785551 0.380766687 0.818571164 0.111797264
[325] 1.116966799 0.078029901 1.784844823 0.468574725 0.270520082 0.407929233 1.583083941 0.207009533 1.883973846 1.692462909 1.097729752 1.902705945
[337] 0.761961142 0.300436374 1.027320480 0.465460780 1.258604681 0.886283446 1.110336028 0.232299955 0.775560918 0.197391661 0.872157814 1.218023462
[349] 1.283195677 1.802839788 1.306616559 0.896072874 0.021461747 1.250030672 1.896327932 0.993931694 1.064739974 0.978525160 0.640851223 0.335953134
[361] 1.025829375 0.974669450 1.136561568 0.606875160 1.612010031

$d3
  [1] 1.064389450 1.070686923 0.691201121 0.886170356 1.014360921 0.602456319 1.090379982 1.712614161 0.443654588 0.606987429 1.063515303 0.688178229
 [13] 0.635495710 1.844153409 0.875338530 1.719699055 1.996031304 0.681211660 1.215572286 1.275661630 1.072398544 0.663573152 0.354675870 0.969127904
 [25] 0.278290315 0.507924064 0.498112963 1.457469971 0.430434279 1.406419876 1.506078788 1.176843532 1.848124072 0.683197612 0.990158713 1.143151701
 [37] 1.331643461 1.047434732 0.364059221 0.556740504 0.130406832 1.584829142 0.974216239 1.387437920 1.716210604 0.725358044 1.134418731 0.191595164
 [49] 0.715829426 0.462740333 1.314045752 1.318388932 0.849169502 1.449089659 0.954135009 1.334587650 0.548194267 1.913823884 1.617031216 1.002394263
 [61] 1.379013495 1.932987703 1.565093215 0.866948343 1.982719983 1.165442973 0.988366787 1.107059046 0.123226662 1.750655803 1.209616017 1.023535868
 [73] 0.737328114 0.220869128 0.438201409 1.894527157 1.467797969 0.383654479 0.087939437 0.438810889 0.618570609 1.558909488 0.419069859 1.683154164
 [85] 1.470496410 1.003801826 0.539295874 1.467229708 0.520644233 0.970262676 0.490092432 0.009541422 0.246815017 1.174400147 1.979184236 1.376407164
 [97] 0.758433094 1.194678690 1.133244772 0.715323086 1.057158929 1.369631941 0.581132086 1.745519885 1.390390458 0.776977444 0.153712645 0.926311818
[109] 0.301378141 1.780873520 0.641860531 1.083555950 0.060401505 0.152959893 1.675590787 0.801138657 0.886056986 1.844871941 0.101917745 1.803738053
[121] 0.840229677 1.342688574 0.236656642 1.690638783 1.465805968 0.707233093 1.488164746 1.482437239 0.327629053 0.476918762 0.854138313 0.500061887
[133] 0.554534852 0.886286573 0.977172186 1.918205537 0.104356080 1.757972131 1.008158599 1.216629063 0.297480700 0.281257156 0.284153975 0.501523871
[145] 1.587559145 0.457846345 0.738367501 1.929851592 1.755371740 0.718911578 0.061410593 1.849748300 1.059861918 1.888508229 1.706767102 0.703180010
[157] 1.424916761 0.290194268 0.005729973 1.214938804 1.503066925 1.437878827 0.841098648 1.304891337 1.241446706 0.096477502 0.380469452 0.391512388
[169] 1.045369560 1.398659106 1.455950066 1.788012516 1.309446144 0.595142409 0.460287117 1.221061730 0.646950832 1.115836092 0.252203648 0.952820790
[181] 1.076368027 0.865525871 1.647859333 0.650980384 1.598414627 1.877176533 1.181206152 1.311966735 0.578061051 1.602671817 1.944553212 1.545528988
[193] 1.177426065 1.233988597 0.334760319 1.210906329 1.468460508 0.061632511 1.732960457 0.429342231 1.373998829 1.282243089 1.929931880 0.922780753
[205] 0.733976485 0.682186822 0.378241820 0.827586095 1.243801775 0.510805117 1.838500382 0.480151622 1.724237892 0.753323386 0.109434281 0.022536506
[217] 0.641005406 0.948585592 0.329256142 0.372910696 1.100274190 1.316969427 0.037400722 1.149714673 0.240135606 1.067766922 1.303683953 0.477296686
[229] 0.891021142 1.251285760 1.609405783 1.692138488 1.137137408 0.837582925 1.491186956 1.901000530 0.826703413 1.052940345 1.857718125 0.230279263
[241] 0.958071464 0.581958722 1.681111131 1.425320539 0.373290262 0.097336517 1.377453972 0.895856163 0.160899438 1.610952506 1.694993655 1.735881544
[253] 1.568451364 1.074210967 1.306742658 1.671217634 1.873518915 1.974358964 1.088720099 0.667682938 1.089762405 0.245580237 1.517128175 0.106152781
[265] 1.431292360 0.830191369 0.881787041 0.130340469 0.563383305 1.553015384 0.614058806 1.391773946 0.568138020 0.187052957 1.822309560 0.246268339
[277] 0.847844175 0.519823935 0.331736501 0.240335162 1.865048779 0.885615994 0.567361573 1.365879287 1.368967495 1.564226202 0.649454505 0.289721202
[289] 1.585572804 1.206253798 0.504288830 1.713632568 0.297565752 1.986800115 0.540195248 0.866358998 0.440367520 0.762926872 1.622452085 1.799395648
[301] 0.439659270 0.283827205 0.728623006 1.028930590 1.790817102 1.819845593 0.608813423 1.328645680 1.392298168 0.171899258 0.330823855 1.097311545
[313] 0.598256198 0.650326098 1.393099151 0.828012294 0.162586202 1.483710426 0.119863002 0.163803918 0.367496030 1.574605810 0.782480577 1.528452089
[325] 1.949453265 1.423101262 0.337743155 0.415422117 0.134990969 0.991221923 0.622450500 0.613121008 1.411312276 1.650968116 0.938839463 0.951289282
[337] 1.725757652 1.055906222 1.135907109 0.140756268 1.488642349 1.940669180 1.943590987 0.538181841 0.417581267 1.253631783 1.239197645 0.313274979
[349] 0.292527466 1.633552512 0.166237921 1.311323663 1.429422341 0.758270430 0.714507124 0.760906541 0.632960486 1.728449276 0.124037028 1.637837077
[361] 1.613415543 1.557964347 0.332613251 0.189289023 0.076942004

$Z01
  [1] 0.089490314 0.050733047 0.062698964 0.161925005 0.110806913 0.018336002 0.008383422 0.055685155 0.026084745 0.085671539 0.113888706 0.117101551
 [13] 0.121293035 0.039455928 0.112435852 0.064885824 0.054364050 0.100012172 0.128172270 0.121586259 0.179076235 0.055311742 0.049310476 0.179809795
 [25] 0.180186821 0.153737982 0.078305887 0.118455041 0.136426549 0.020853766 0.111573871 0.097202275 0.147693084 0.014549546 0.069509382 0.012457054
 [37] 0.184581250 0.055216279 0.187742029 0.141978918 0.031066547 0.111850703 0.050082282 0.074345833 0.112558505 0.193307062 0.136182592 0.038015490
 [49] 0.133969430 0.094600432 0.018784922 0.091138137 0.137720145 0.092260067 0.066297426 0.183850410 0.084622219 0.196703682 0.109089397 0.069316704
 [61] 0.176021180 0.045407197 0.096049957 0.076836503 0.134126036 0.096889805 0.052193099 0.032757084 0.142619068 0.047855802 0.086596825 0.098628605
 [73] 0.067930431 0.194212164 0.065244578 0.084871022 0.188123361 0.137743226 0.144615559 0.090945413 0.052457288 0.057758846 0.003356532 0.119550826
 [85] 0.043172818 0.197983759 0.029587470 0.182898000 0.068842944 0.051607631 0.081161494 0.088446549 0.092780679 0.125995915 0.021395243 0.054616380
 [97] 0.189189587 0.025509399 0.012740240 0.068302427 0.141269353 0.123246604 0.199579687 0.145198684 0.076568931 0.120452384 0.184339508 0.119801289
[109] 0.073721238 0.155964874 0.026956470 0.038519897 0.190008673 0.004530604 0.184248838 0.142357420 0.178395120 0.150598217 0.034474495 0.143523794
[121] 0.072955222 0.154422039 0.150527372 0.187975521 0.171798510 0.142958172 0.028145558 0.199519280 0.087776721 0.065700623 0.107492925 0.023499089
[133] 0.154683843 0.037936595 0.084195126 0.046840064 0.073751802 0.162447143 0.161207041 0.184905046 0.100981996 0.129449462 0.119132034 0.072657433
[145] 0.110646568 0.028347344 0.159105796 0.162882642 0.071630258 0.034533461 0.107721048 0.172738608 0.108835053 0.111059130 0.151141206 0.100696327
[157] 0.199757893 0.107140391 0.009158540 0.146151323 0.169472368 0.182033975 0.148828459 0.148944787 0.104171771 0.127543273 0.154311721 0.116052934
[169] 0.197569182 0.038620032 0.149208958 0.002695162 0.146822675 0.125556191 0.157458761 0.174077408 0.158446889 0.064348535 0.034181805 0.119202945
[181] 0.132741599 0.156618144 0.028231199 0.056170256 0.065057127 0.002306916 0.004276808 0.058066334 0.128919456 0.183327503 0.018459595 0.134098624
[193] 0.191780436 0.104629743 0.199220934 0.101316915 0.093755104 0.146833106 0.085648837 0.191244988 0.142634536 0.095790116 0.055540113 0.088465175
[205] 0.161292201 0.178055064 0.106218979 0.195802935 0.066524564 0.120782092 0.146571691 0.193229970 0.105849022 0.017476490 0.051544640 0.041211588
[217] 0.056983607 0.150498841 0.008302627 0.083744470 0.107367426 0.152964955 0.095652663 0.185575099 0.091077075 0.009989626 0.106385042 0.105165596
[229] 0.096696910 0.084178414 0.190935650 0.147370576 0.010582309 0.090620775 0.030620395 0.112400576 0.169215291 0.011267917 0.108495422 0.066744680
[241] 0.181734608 0.099495571 0.079404706 0.004988146 0.051411395 0.011139258 0.002775343 0.072532585 0.176920168 0.056075012 0.124133525 0.076112411
[253] 0.178030713 0.171080953 0.171634297 0.049965853 0.165190275 0.122102517 0.096276584 0.049435109 0.178393696 0.023042977 0.154242225 0.119338544
[265] 0.102194755 0.071143405 0.140775071 0.060026397 0.147713325 0.086184622 0.124681833 0.169219616 0.033490025 0.139701893 0.076864490 0.001562880
[277] 0.165350386 0.179333119 0.091291555 0.167087908 0.113807571 0.194025701 0.121029002 0.149146167 0.030720009 0.026930120 0.121806691 0.166192213
[289] 0.014291585 0.149361414 0.161845055 0.187036377 0.076343822 0.010415366 0.136699602 0.006432085 0.128404070 0.119224758 0.043158438 0.026028866
[301] 0.194276934 0.006519168 0.095898623 0.088556109 0.193030425 0.076781021 0.001304974 0.118116655 0.108879723 0.005482877 0.167557938 0.027242907
[313] 0.145997263 0.021527135 0.115949557 0.085271137 0.191492066 0.016029310 0.033643654 0.091321093 0.156361086 0.033880544 0.066362451 0.023877902
[325] 0.051551402 0.114346061 0.087199006 0.140020187 0.035603080 0.156934844 0.143426077 0.158313653 0.191098596 0.143298837 0.109887201 0.109274454
[337] 0.005520486 0.093486165 0.039741968 0.063339577 0.067368985 0.025523452 0.149319486 0.050696837 0.022242000 0.161539048 0.005193142 0.142076460
[349] 0.043190564 0.197755047 0.176647250 0.161569495 0.017392216 0.155938677 0.105230213 0.099520725 0.198465440 0.021778384 0.037157157 0.081290114
[361] 0.054473102 0.070964772 0.117682643 0.131447585 0.060430459

$Z02
  [1] 0.021312581 0.162142005 0.149708460 0.041235175 0.027996505 0.128365449 0.173618167 0.079756092 0.051477333 0.062579119 0.169018760 0.146969264
 [13] 0.170907372 0.195523737 0.002774107 0.123826755 0.123911032 0.172730219 0.059285176 0.110279585 0.086400725 0.169219869 0.175826028 0.053753800
 [25] 0.192274531 0.029371013 0.101841073 0.102328023 0.128601446 0.189931492 0.008671502 0.058938431 0.057570023 0.177468744 0.142148225 0.046635821
 [37] 0.073202673 0.174647628 0.028586621 0.191231418 0.086744433 0.097507451 0.007387936 0.150571282 0.190324369 0.026632113 0.165610695 0.117751317
 [49] 0.030845188 0.034875461 0.095754721 0.181257107 0.088675890 0.144907373 0.007502427 0.169763450 0.161359442 0.070536452 0.023149723 0.009602786
 [61] 0.018649823 0.100626802 0.184450299 0.157496051 0.029367184 0.055525120 0.117829246 0.054240514 0.163398597 0.078797124 0.120147205 0.163780818
 [73] 0.047639330 0.163035836 0.092429796 0.067245426 0.104562765 0.144841800 0.166397004 0.194741471 0.080212236 0.195173443 0.064290184 0.114997334
 [85] 0.050961726 0.197799683 0.178338242 0.174901019 0.129493286 0.065704158 0.130436511 0.191575581 0.144839089 0.151639954 0.062277498 0.166154669
 [97] 0.124824805 0.120869876 0.172401975 0.017025798 0.192026435 0.184678886 0.007365724 0.188640161 0.057719916 0.047711366 0.120648943 0.069562582
[109] 0.112479733 0.128798755 0.086929848 0.046623814 0.087299014 0.139407343 0.113010960 0.023564277 0.017662015 0.114845598 0.007584915 0.027837605
[121] 0.191902277 0.075682491 0.168441168 0.086510984 0.186772630 0.078147107 0.174944770 0.007763410 0.197207381 0.127107219 0.002344842 0.111524547
[133] 0.148338556 0.148498670 0.159158809 0.159660214 0.004608470 0.063466540 0.052046205 0.062744394 0.128418086 0.161848388 0.187330382 0.029785239
[145] 0.171089399 0.071828314 0.094564663 0.160519316 0.100820651 0.147869997 0.132355194 0.009224735 0.022492835 0.093297445 0.129605151 0.003685118
[157] 0.186075905 0.004928835 0.027694016 0.023891980 0.006613707 0.153100127 0.069940118 0.115007153 0.104957849 0.107441617 0.029566816 0.191249044
[169] 0.073688085 0.009483547 0.005431353 0.015199027 0.037860064 0.006187097 0.104047316 0.164787646 0.004692736 0.128491842 0.096776897 0.017538163
[181] 0.125435921 0.054442535 0.085672943 0.041839776 0.047987666 0.162437701 0.031876043 0.122293559 0.193286177 0.082829742 0.173817801 0.043929472
[193] 0.029455984 0.158447531 0.155753409 0.141311502 0.165509854 0.102971260 0.059188760 0.123575622 0.135571454 0.087665429 0.109617899 0.048168511
[205] 0.136487959 0.034387813 0.074834147 0.125746099 0.079937834 0.042991160 0.021908928 0.115381959 0.167561224 0.001271440 0.052784398 0.139690107
[217] 0.176459913 0.041052356 0.126677470 0.129165910 0.172863252 0.107382593 0.032543927 0.114200075 0.117563449 0.045132447 0.179209575 0.125363236
[229] 0.038653014 0.166805186 0.166274954 0.130311566 0.101493830 0.192529215 0.180817724 0.034586609 0.115929276 0.108690976 0.085667872 0.151920866
[241] 0.019638995 0.138858341 0.153506318 0.050353961 0.170639544 0.158673354 0.043883966 0.019941149 0.187312844 0.019027513 0.029870253 0.181240891
[253] 0.066781922 0.155287009 0.117673736 0.072348681 0.148766213 0.149194600 0.084412959 0.155258825 0.006953933 0.056524076 0.039527240 0.173548671
[265] 0.064809622 0.038104342 0.069095412 0.115432097 0.020250210 0.154385759 0.153546737 0.099462717 0.050983173 0.110676782 0.171474251 0.116538113
[277] 0.103159258 0.147180860 0.128199098 0.160045999 0.131725786 0.018474516 0.059905891 0.157905029 0.129738064 0.156618977 0.065485465 0.042875975
[289] 0.064407406 0.137804000 0.156873031 0.054197507 0.134257637 0.194771527 0.018154282 0.030400433 0.076889557 0.082490818 0.076407016 0.132152804
[301] 0.148309370 0.148866804 0.164363375 0.151884755 0.022295487 0.159419459 0.014334660 0.076239254 0.120606811 0.060597419 0.074415650 0.191146120
[313] 0.088220816 0.115663520 0.162124229 0.015413819 0.049057969 0.042041185 0.068847820 0.087813605 0.042795088 0.011302456 0.151556313 0.141331455
[325] 0.095902496 0.098191768 0.173428482 0.131971135 0.191751444 0.040855612 0.073429753 0.093741147 0.063185356 0.196125093 0.153926759 0.194763247
[337] 0.107616819 0.126386647 0.157694243 0.168168570 0.173389637 0.108879045 0.136071399 0.082201782 0.155312037 0.181082059 0.125632006 0.171168609
[349] 0.083675472 0.133627618 0.147938149 0.005641968 0.045420189 0.062533979 0.148552671 0.134073660 0.196272580 0.018939947 0.119018658 0.103047298
[361] 0.113363682 0.102143871 0.063089378 0.021657635 0.005852208

$Z03
  [1] 0.046069669 0.096786457 0.011618866 0.040493585 0.118858251 0.185665177 0.016216261 0.066110853 0.187389464 0.112396639 0.071506568 0.086107136
 [13] 0.097686844 0.004212828 0.044954220 0.190420996 0.007249351 0.017248630 0.129153072 0.015880589 0.194841680 0.070588594 0.015891535 0.120194290
 [25] 0.012137084 0.040289841 0.134898778 0.032849947 0.049789955 0.184748704 0.171518293 0.058999156 0.003229833 0.114552773 0.057438206 0.030093503
 [37] 0.036109104 0.134250751 0.038034284 0.100778943 0.020416282 0.144221025 0.040971598 0.048191484 0.079876993 0.098598509 0.175807544 0.074997440
 [49] 0.190692355 0.164115800 0.170943541 0.023529720 0.022724665 0.112906632 0.195444453 0.123077244 0.135395683 0.170356480 0.012508178 0.060735359
 [61] 0.116333119 0.062968904 0.130014600 0.050986741 0.119044923 0.064989715 0.146416923 0.140612298 0.109829384 0.050182960 0.194096138 0.027357336
 [73] 0.016833651 0.025180349 0.065024351 0.074043090 0.030055679 0.035922346 0.164196556 0.073068709 0.183480278 0.072575409 0.033496978 0.073578326
 [85] 0.141683258 0.178179340 0.053042212 0.116016353 0.076258594 0.049139077 0.094180287 0.165630996 0.090206281 0.191443744 0.027402935 0.148191795
 [97] 0.008839318 0.074376685 0.037732908 0.120608194 0.143797390 0.150334607 0.199757255 0.188194592 0.172240426 0.054511048 0.094903802 0.116794309
[109] 0.077754265 0.139414280 0.087213467 0.139111564 0.115083897 0.145430486 0.175323084 0.049441762 0.136272817 0.092546827 0.079100574 0.057152716
[121] 0.144050793 0.008635560 0.150807186 0.019387555 0.139119618 0.162715301 0.074041802 0.052506116 0.028291566 0.046421116 0.022334786 0.135442315
[133] 0.054047399 0.150842337 0.027866268 0.119684429 0.140943124 0.171444485 0.190717688 0.184483776 0.035515928 0.040130583 0.097036670 0.055765893
[145] 0.190577978 0.058906069 0.043769539 0.139056710 0.010591001 0.080149631 0.069125424 0.146329574 0.150644023 0.101172650 0.024261678 0.068957634
[157] 0.143022087 0.116467638 0.092408293 0.037724758 0.058000646 0.054570404 0.039932445 0.172801510 0.190693063 0.193706430 0.149803131 0.188429477
[169] 0.122822506 0.070826215 0.055414394 0.039298576 0.071012200 0.057382266 0.009519889 0.141464841 0.122153236 0.038162991 0.147806778 0.071478370
[181] 0.124987475 0.102345696 0.056590252 0.117192432 0.130789994 0.025921346 0.040977052 0.193565419 0.178020189 0.108245759 0.104361316 0.137494966
[193] 0.099779276 0.138577010 0.111606357 0.005833228 0.177858313 0.157960321 0.144371733 0.070199922 0.010342798 0.030086841 0.170089978 0.187951203
[205] 0.081681899 0.041782775 0.152100818 0.078165168 0.040030048 0.011610712 0.156260980 0.132185267 0.066890870 0.025762833 0.094433029 0.181886430
[217] 0.058690141 0.035077782 0.088216117 0.087289581 0.028932363 0.081232877 0.142493175 0.010200858 0.093452158 0.157466911 0.154079257 0.020467841
[229] 0.122750568 0.187342781 0.118967811 0.130649156 0.072214207 0.021977203 0.086387689 0.039962743 0.072697219 0.086600497 0.143523065 0.029609653
[241] 0.186436750 0.180082070 0.111404668 0.086799397 0.186794218 0.063100750 0.168588327 0.010993586 0.106175444 0.005554962 0.125270687 0.185569184
[253] 0.080457673 0.095084990 0.038148366 0.188663611 0.118978456 0.150160608 0.125907512 0.055520766 0.072839085 0.079209915 0.110366926 0.027036477
[265] 0.152057674 0.014138540 0.101266602 0.182154827 0.139520863 0.160867576 0.189292143 0.061142920 0.058845742 0.058196019 0.144938746 0.199310247
[277] 0.118181479 0.069317421 0.165414344 0.044006489 0.143358722 0.103914823 0.011779151 0.059594628 0.145436103 0.005912419 0.109069186 0.112523580
[289] 0.042210685 0.006778663 0.008638599 0.162344344 0.017930874 0.122618835 0.113250578 0.018726406 0.033505005 0.159668155 0.061159936 0.100200241
[301] 0.080704202 0.032260860 0.171879277 0.049424420 0.094973096 0.180064330 0.072703611 0.060293288 0.041865353 0.140179112 0.175123509 0.184253973
[313] 0.182595833 0.057934414 0.001904867 0.110665290 0.167582725 0.182298564 0.050462408 0.120058557 0.190319523 0.019150980 0.132778521 0.052717894
[325] 0.109499131 0.031433864 0.145817396 0.165851563 0.116570143 0.026662802 0.054865095 0.057585500 0.090455651 0.175165387 0.116454705 0.013926618
[337] 0.150324018 0.177548274 0.084038993 0.015869838 0.181363675 0.083455198 0.056270004 0.003128405 0.148812354 0.125535467 0.171345293 0.012710905
[349] 0.005268619 0.093523737 0.186206218 0.054485356 0.055203941 0.100916550 0.040818960 0.163554788 0.129928329 0.179347407 0.159454510 0.041889397
[361] 0.196740079 0.110842716 0.067610910 0.029263144 0.132417457

$cor1
[1] 0.9537188

$cor2
[1] 0.6639633

$cor3
[1] -0.8455279

$sigma1
[1] 7.181423

$sigma2
[1] 3.937425

$sigma3
[1] 0.03521247

$sigma4
[1] 0.1476017

